Nominativo,Amministratore,Analista,Progettista,Programmatore,Responsabile,Verificatore,Totale per persona
Giacomo D.,0.0,3.0,0.0,0.0,0.0,0.54,3.54
Matteo R.,5.5,0.0,0.0,1.05,0.0,5.0,11.55
Nancy K.,0.0,4.0,0.0,0.0,3.0,0.0,7.0
Riccardo C.,0.0,4.0,0.0,0.0,0.0,4.5,8.5
Riccardo T.,0.0,0.0,1.0,3.5,3.0,0.0,7.5
Simone C.,4.0,7.0,0.0,0.0,0.0,0.0,11.0
Totale per ruolo,9.5,18.0,1.0,4.55,6.0,10.04,49.089999999999996
