Nominativo,Re,Am,An,Pt,Pr,Ve,Totale per persona
Simone Caregnato,0.0,0.0,0.0,0.0,5.0,4.0,9.0
Riccardo Alberto Costantin,3.0,5.0,0.0,0.0,0.0,0.0,8.0
Giacomo D'Ovidio,4.0,0.0,4.0,0.0,0.0,0.0,8.0
Nancy Kalaj,0.0,5.0,0.0,0.0,0.0,4.0,9.0
Matteo Rango,0.0,0.0,4.0,0.0,5.0,0.0,9.0
Riccardo Toniolo,0.0,0.0,5.0,0.0,0.0,3.0,8.0
Totale per ruolo,7.0,10.0,13.0,0.0,10.0,11.0,51.0
